230.1
44.5
17.2
151.5
180.8
8.7
57.5
120.2
8.6
199.8
66.1
214.7
23.8
97.5
204.1
195.4
67.8
281.4
69.2
147.3
218.4
237.4
13.2
228.3
62.3
262.9
142.9
240.1
248.8
70.6
292.9
112.9
97.2
265.6
95.7
290.7
266.9
74.7
43.1
228
202.5
177
293.6
206.9
25.1
175.1
89.7
239.9
227.2
66.9
199.8
100.4
216.4
182.6
262.7
198.9
7.3
136.2
210.8
210.7
53.5
261.3
239.3
102.7
131.1
69
31.5
139.3
237.4
216.8
199.1
109.8
26.8
129.4
213.4
16.9
27.5
120.5
5.4
116
76.4
239.8
75.3
68.4
213.5
193.2
76.3
110.7
88.3
109.8
134.3
28.6
217.7
250.9
107.4
163.3
197.6
184.9
289.7
135.2
222.4
296.4
280.2
187.9
238.2
137.9
25
90.4
13.1
255.4
225.8
241.7
175.7
209.6
78.2
75.1
139.2
76.4
125.7
19.4
141.3
18.8
224
123.1
229.5
87.2
7.8
80.2
220.3
59.6
0.7
265.2
8.4
219.8
36.9
48.3
25.6
273.7
43
184.9
73.4
193.7
220.5
104.6
96.2
140.3
240.1
243.2
38
44.7
280.7
121
197.6
171.3
187.8
4.1
93.9
149.8
11.7
131.7
172.5
85.7
188.4
163.5
117.2
234.5
17.9
206.8
215.4
284.3
50
164.5
19.6
168.4
222.4
276.9
248.4
170.2
276.7
165.6
156.6
218.5
56.2
287.6
253.8
205
139.5
191.1
286
18.7
39.5
75.5
17.2
166.8
149.7
38.2
94.2
177
283.6
232.1